Algoritm: KNN (K-Nearest Neighbors)

Train size: 9
Test size: 1791
Score: 0.222780569514
Confusion Matrix: 
[[177   0   0   0   0   0   0   0   0   0]
 [ 36  41  67   0  38   0   0   0   0   0]
 [ 36   6 134   0   0   0   0   0   0   0]
 [101   3  69   0  10   0   0   0   0   0]
 [128   1   3   0  47   0   0   0   0   0]
 [ 96   2  81   0   3   0   0   0   0   0]
 [179   0   1   0   0   0   0   0   0   0]
 [ 56   6  11   0 105   0   0   0   0   0]
 [110  13  43   0   8   0   0   0   0   0]
 [166   1   9   0   4   0   0   0   0   0]]



Train size: 18
Test size: 1782
Score: 0.360830527497
Confusion Matrix: 
[[174   0   0   0   0   0   0   0   0   0]
 [ 22 124   3   0   1   0   0  23   8   0]
 [ 14  78  62   0   0   0   0  10  12   0]
 [ 23   2   8   0   0   0   0  18 132   0]
 [107  20   1   0  36   0   0  14   1   0]
 [111   4  35   0   0   0   0  11  21   0]
 [159  18   0   0   0   0   0   0   3   0]
 [  6  10   2   0   6   0   0 146   7   0]
 [ 27  13  15   0   1   0   0  14 101   0]
 [122   0   1   0   1   0   0  29  26   0]]



Train size: 27
Test size: 1773
Score: 0.481669486746
Confusion Matrix: 
[[174   0   0   0   0   0   0   0   0   0]
 [  8  77   7   0  58   9   0   9  13   0]
 [  7  33 108   0   1   0   0   5  21   0]
 [ 13   4  31   0   0   3   0  18 114   0]
 [ 15   0   0   0 142   4   0  16   0   0]
 [ 60   2  14   0   0  88   0   4  12   0]
 [136   6   0   0  23   0   5   0   9   0]
 [  1   6   1   0   2   8   0 154   3   0]
 [ 10   8  10   0   2  15   0  19 106   0]
 [115   1   1   0   8   4   0  22  28   0]]



Train size: 36
Test size: 1764
Score: 0.619047619048
Confusion Matrix: 
[[173   0   0   0   0   0   0   0   0   0]
 [  1 111   3   3  35   6   1   1  13   6]
 [  7  38  96   6   0   0   0   4  24   0]
 [  9   2  11 101   0   8   0  12  38   0]
 [ 20   5   0   0 132   7   0  13   0   0]
 [ 28   1   0   4   0 130   2   1  10   2]
 [ 97   9   0   0   5   0  65   0   2   0]
 [  0  14   0   0   0   5   0 149   7   0]
 [  7  16   6   2   1  15   2  14 106   0]
 [ 51   2   1  18   5  11   0  18  43  29]]



Train size: 54
Test size: 1746
Score: 0.739404352806
Confusion Matrix: 
[[170   0   0   0   0   0   0   0   0   0]
 [  8 122   2   0  20   0   2   2  12  10]
 [  5   6 147   3   0   0   0   6   3   2]
 [  5   2  11 119   0   5   0  11  22   5]
 [  5   2   0   0 156   3   0   9   0   0]
 [ 24   0   0   5   2 130   3   1   7   6]
 [ 35  12   0   0   6   0 123   0   1   0]
 [  0   0   1   0   0   0   0 170   0   0]
 [  7  13  18   0   2   6   3  14 105   0]
 [ 53   2   0  17  12   5   0  15  24  49]]



Train size: 90
Test size: 1710
Score: 0.785380116959
Confusion Matrix: 
[[166   0   0   0   0   0   0   0   0   0]
 [  2 158   2   1   0   0   0   1   0   9]
 [  1   5 152   3   0   0   0   3   0   1]
 [  1   1  19 126   0   4   0   6  13   7]
 [  1   2   1   0 160   2   0   4   0   0]
 [ 17   0   0   3   1 129   2   0   4  18]
 [ 35  26   0   0   3   0 113   0   0   0]
 [  0   0   1   0   0   0   0 165   0   0]
 [  2  36  14   0   1   5   0  12  96   0]
 [ 23   8   2  11   6   6   0  12  30  78]]



Train size: 180
Test size: 1620
Score: 0.908024691358
Confusion Matrix: 
[[161   0   0   0   0   0   0   0   0   0]
 [  0 155   3   0   1   0   0   0   1   3]
 [  0   4 148   0   0   0   0   1   3   0]
 [  0   0   4 153   0   3   0   4   5   2]
 [  0   0   1   0 150   1   0   2   0   0]
 [  0   1   0   5   3 139   1   0   1  17]
 [  0   2   0   0   0   0 164   0   0   0]
 [  0   0   0   0   0   0   0 161   0   0]
 [  0  21   4   3   0   3   2   2 123   0]
 [  2   3   1  14   5   8   1   6   6 117]]



Train size: 360
Test size: 1440
Score: 0.961111111111
Confusion Matrix: 
[[145   0   0   0   0   0   0   0   0   0]
 [  0 139   2   0   0   0   0   0   0   0]
 [  0   0 126   0   0   0   0   1   5   0]
 [  0   1   2 149   0   1   0   2   2   0]
 [  0   0   0   0 133   1   0   2   1   0]
 [  0   0   0   0   1 142   1   0   0   1]
 [  0   1   0   0   0   0 157   0   0   0]
 [  0   0   1   0   0   0   0 146   0   0]
 [  0  15   1   2   0   2   1   0 116   0]
 [  0   0   1   1   0   3   1   3   1 131]]



Train size: 540
Test size: 1260
Score: 0.972222222222
Confusion Matrix: 
[[122   0   0   0   0   0   0   0   0   0]
 [  0 121   1   0   0   0   0   0   0   0]
 [  0   0 116   0   0   0   0   1   3   0]
 [  0   0   1 135   0   1   1   1   2   2]
 [  0   1   0   0 115   0   0   3   0   0]
 [  0   0   0   0   1 127   1   0   0   2]
 [  0   1   0   0   0   0 139   0   0   0]
 [  0   0   0   0   0   0   0 133   0   0]
 [  0   2   1   1   0   1   0   1 106   0]
 [  0   0   0   0   0   2   0   3   2 111]]



Train size: 720
Test size: 1080
Score: 0.975925925926
Confusion Matrix: 
[[105   0   0   0   0   0   0   0   0   0]
 [  0 101   1   0   0   0   0   0   0   0]
 [  0   0 100   0   0   0   0   1   1   0]
 [  0   0   0 120   0   1   0   1   0   0]
 [  0   0   0   0 101   0   0   2   0   0]
 [  0   0   0   0   1 112   1   0   0   1]
 [  0   1   0   0   0   0 119   0   0   0]
 [  0   0   0   0   0   0   0 116   0   0]
 [  0   2   1   1   0   0   0   0  86   0]
 [  0   1   0   0   0   3   0   6   1  94]]



Train size: 900
Test size: 900
Score: 0.976666666667
Confusion Matrix: 
[[ 88   0   0   0   0   0   0   0   0   0]
 [  0  94   1   0   0   0   0   0   0   0]
 [  0   0  84   0   0   0   0   1   0   0]
 [  0   0   0 100   0   0   0   1   3   1]
 [  0   0   0   0  79   0   0   2   0   0]
 [  0   0   0   0   0  95   0   0   0   1]
 [  0   1   0   0   0   0 102   0   0   0]
 [  0   0   0   0   0   0   0  93   0   0]
 [  0   2   0   0   0   0   0   0  66   0]
 [  0   0   0   0   0   2   0   5   1  78]]



