Algoritm: Tree

Train size: 9
Test size: 1791
Score: 0.252931323283
Confusion Matrix: 
[[ 63   0   0   0   1   0 105   8   0   0]
 [  6  20  45   0  86   0   6  19   0   0]
 [  0   0 109   0  22   0  31  14   0   0]
 [  3  24   5   0   8   0  72  71   0   0]
 [ 34   3   3   0 114   0  22   3   0   0]
 [ 86   2  35   0  31   0   6  22   0   0]
 [ 85  15   4   0  14   0  60   2   0   0]
 [ 10   7   5   0  34   0  35  87   0   0]
 [ 17  32  56   0  15   0  28  26   0   0]
 [ 48  32   4   0   3   0  67  26   0   0]]



Train size: 18
Test size: 1782
Score: 0.337261503928
Confusion Matrix: 
[[174   0   0   0   0   0   0   0   0   0]
 [  4  31  11   0  15   0  38  11  45  26]
 [ 17   0  79   0  36   0   0   0  27  17]
 [  8   4  20   0  10   0   7   3 127   4]
 [ 11  12   1   0 137   0   6   2   8   2]
 [ 48   3  56   0  27   0  14   0  34   0]
 [ 10  10   1   0 130   0  26   0   3   0]
 [  0   0  15   0  18   0   1  44  54  45]
 [  8   9  15   0   7   0   9   0  90  33]
 [ 90   2  10   0   6   0  11  33   7  20]]



Train size: 27
Test size: 1773
Score: 0.467569091935
Confusion Matrix: 
[[170   0   0   0   1   0   0   0   1   2]
 [  0  10  28   0  70  18  10  21   8  16]
 [  4   6 108   0   6   9   0   2  28  12]
 [  1   1  66   0   7   7   0  12  82   7]
 [  6   8   1   0 110   3  21   4  12  12]
 [ 25   3   1   0  17  50  13  70   1   0]
 [  5   2  10   0  10  26 126   0   0   0]
 [  0   0  26   0  11   1   2  82  18  35]
 [  3   2  10   0  14  14   2   5  90  30]
 [ 57   0   1   0   3   5   0  20  10  83]]



Train size: 36
Test size: 1764
Score: 0.417233560091
Confusion Matrix: 
[[160   0   0   1   1   0   0   1   1   9]
 [  0  42   3  23  50   6  25   9  14   8]
 [  0  41  61   4  10  19   4  20  12   4]
 [  0  14  21  89   5  12  18  13   5   4]
 [  5  17  18   0 103   6   7  20   0   1]
 [  9  17  28   3  31  57  13   0   0  20]
 [  1  67  68   0   3   0  33   0   1   5]
 [  0  43   0   0  34  13   0  85   0   0]
 [  2  24  10  10   9   3  24  45  34   8]
 [  0   6  12  19   3   6   8  51   1  72]]



Train size: 54
Test size: 1746
Score: 0.412371134021
Confusion Matrix: 
[[158   1   0   0   2   0   0   1   0   8]
 [  0  63  22   0  24  43   8  11   2   5]
 [  0   0  88  31   7   9   5  10  18   4]
 [  0   2  45  55   0   1  19  12  43   3]
 [  6  11   5   0 110   4   8  20  11   0]
 [ 25   6  16  13  14   8  10   1  83   2]
 [  5   7  40   1   2   7  40   6  69   0]
 [  0   1  10  16  12   3   2 115  12   0]
 [  2   8  30  13  10  17  10  26  51   1]
 [ 25   0   5   1  27   5  24  50   8  32]]



Train size: 90
Test size: 1710
Score: 0.562573099415
Confusion Matrix: 
[[152   0   2   0   2   0   0   0   0  10]
 [  0  88  37   2   8   3  13   3  19   0]
 [  0   0 147   0   4   5   1   4   3   1]
 [  0   0  45  52   3  33   1   6  33   4]
 [  1   9   1   0 146   2   7   3   1   0]
 [ 22   2  23  25  15  54   6   9  18   0]
 [  1   5  37   1  20   4 103   0   5   1]
 [  0   0   4   2  23  15   0 122   0   0]
 [  1  10  46   7   9  16  10  12  53   2]
 [ 11   2  24  31   6   3   7  12  35  45]]



Train size: 180
Test size: 1620
Score: 0.718518518519
Confusion Matrix: 
[[132   3   0   0   0   0   7   3  16   0]
 [  0 108   3   6   3   3   6   8  19   7]
 [  0   7 130   6   1   4   0   2   1   5]
 [  0  23   3 130   0   3   2   1   4   5]
 [  0   4   0   2 124   4   8   9   3   0]
 [  7  16   2   6   2  91  22  15   5   1]
 [  0  10   0   2  18   0 130   2   4   0]
 [  0  11   7   2   3   8   5 102  16   7]
 [  1  15  19  10   0   8  10   6  86   3]
 [  0  11   2  14   0   3   0   1   1 131]]



Train size: 360
Test size: 1440
Score: 0.740277777778
Confusion Matrix: 
[[135   0   4   0   4   0   0   0   2   0]
 [  1  85   6   3   4   6   4   5  13  14]
 [  0   4 106   1   0   1   6   1  11   2]
 [  0   3  11 110   0   3   1   0   1  28]
 [  2   6   0   0 118   0   4   5   2   0]
 [  6   3   6   3   2 106   4   0   7   8]
 [  1   7  18   0  23   4  76   0  29   0]
 [  1   1   1   3   5  13   1 119   2   1]
 [  1   5  13   9   0   4   4   2  92   7]
 [  0   4   2   7   0   3   0   6   0 119]]



Train size: 540
Test size: 1260
Score: 0.784126984127
Confusion Matrix: 
[[114   0   2   0   1   2   0   0   0   3]
 [  0  92   5   2   0   4   5   3   7   4]
 [  0   2  99   7   1   0   2   0   9   0]
 [  0   3   2 106   0   3   1   3   5  20]
 [  1   1   2   0 106   2   1   4   2   0]
 [  2   6   0   1   8  96   5   0  11   2]
 [  1   2   0   0  10   5 111   2   9   0]
 [  0   0   3   6   4   4   0 111   0   5]
 [  2   4  19  10   0   1   4   5  65   2]
 [  0   4   0   9   3   4   1   7   2  88]]



Train size: 720
Test size: 1080
Score: 0.787037037037
Confusion Matrix: 
[[ 96   0   0   0   1   3   2   0   0   3]
 [  0  78   0   6   2   1   6   5   1   3]
 [  0   1  84   4   0   5   0   2   6   0]
 [  0   2   7  84   0   1   2   3  11  12]
 [  0   5   0   1  81   3   0  10   1   2]
 [  1   3   1   1   6  92   4   0   3   4]
 [  2   4   1   0   4   3 101   2   1   2]
 [  0   0   1   6   7   4   0  95   2   1]
 [  1   6   3   5   0   3   1   5  66   0]
 [  0   2   1  11   4   5   1   6   2  73]]



Train size: 900
Test size: 900
Score: 0.804444444444
Confusion Matrix: 
[[82  0  0  0  2  3  0  1  0  0]
 [ 0 61  4  0  5  6  5  4  7  3]
 [ 1  6 67  4  0  0  2  2  2  1]
 [ 0  0  4 84  2  1  1  1  3  9]
 [ 1  1  0  0 71  0  1  4  2  1]
 [ 0  1  0  1  1 84  3  3  2  1]
 [ 1  8  0  0  3  1 87  0  3  0]
 [ 0  1  0  6  2  5  0 73  2  4]
 [ 0  2  3  4  0  3  0  3 53  0]
 [ 0  0  0  2  2  5  1  5  9 62]]



